Commenced: 2019-11-20 16:08:35.923443
z = 1.25, alpha = 2.5299999999999994, lambda = -0.7399999999999995, time = 2019-11-21 08:44:48.103607
