Commenced: 2019-11-19 20:28:19.984948
z = 0.25, alpha = -0.3, lambda = 0.08000000000000052, time = 2019-11-20 04:10:02.167438
